shape_id,shape_pt_lat,shape_pt_lon,shape_pt_sequence,shape_dist_traveled
HWY280_SHP,33.511978,-86.809013,1,
HWY280_SHP,33.512451,-86.80806,2,
HWY280_SHP,33.512451,-86.80806,3,
HWY280_SHP,33.513081,-86.80851,4,
HWY280_SHP,33.513081,-86.80851,5,
HWY280_SHP,33.514431,-86.805687,6,
HWY280_SHP,33.514431,-86.805687,7,
HWY280_SHP,33.514359,-86.805557,8,
HWY280_SHP,33.51247,-86.804291,9,
HWY280_SHP,33.510399,-86.803001,10,
HWY280_SHP,33.500591,-86.796272,11,
HWY280_SHP,33.499569,-86.795807,12,
HWY280_SHP,33.499569,-86.795807,13,
HWY280_SHP,33.500259,-86.790741,14,
HWY280_SHP,33.500309,-86.790077,15,
HWY280_SHP,33.500309,-86.790077,16,
HWY280_SHP,33.49966,-86.787437,17,
HWY280_SHP,33.49966,-86.787437,18,
HWY280_SHP,33.50058,-86.787407,19,
HWY280_SHP,33.50108,-86.78846,20,
HWY280_SHP,33.50108,-86.78846,21,
HWY280_SHP,33.501282,-86.788979,22,
HWY280_SHP,33.502251,-86.789001,23,
HWY280_SHP,33.502361,-86.78907,24,
HWY280_SHP,33.50264,-86.789581,25,
HWY280_SHP,33.50264,-86.789581,26,
HWY280_SHP,33.50111,-86.790253,27,
HWY280_SHP,33.500309,-86.790077,28,
HWY280_SHP,33.500309,-86.790077,29,
HWY280_SHP,33.500259,-86.790741,30,
HWY280_SHP,33.499828,-86.793953,31,
HWY280_SHP,33.499828,-86.793953,32,
HWY280_SHP,33.500801,-86.794617,33,
HWY280_SHP,33.500801,-86.794617,34,
HWY280_SHP,33.50116,-86.79187,35,
HWY280_SHP,33.501331,-86.790176,36,
HWY280_SHP,33.501331,-86.790176,37,
HWY280_SHP,33.50174,-86.789978,38,
HWY280_SHP,33.50174,-86.789978,39,
HWY280_SHP,33.501331,-86.789597,40,
HWY280_SHP,33.500721,-86.789497,41,
HWY280_SHP,33.50058,-86.789421,42,
HWY280_SHP,33.50058,-86.789421,43,
HWY280_SHP,33.497051,-86.789177,44,
HWY280_SHP,33.496632,-86.789078,45,
HWY280_SHP,33.495819,-86.788712,46,
HWY280_SHP,33.494308,-86.787552,47,
HWY280_SHP,33.493511,-86.787163,48,
HWY280_SHP,33.493279,-86.787109,49,
HWY280_SHP,33.49139,-86.78688,50,
HWY280_SHP,33.49049,-86.786919,51,
HWY280_SHP,33.488239,-86.786774,52,
HWY280_SHP,33.488239,-86.786774,53,
HWY280_SHP,33.487991,-86.78688,54,
HWY280_SHP,33.486149,-86.787201,55,
HWY280_SHP,33.485081,-86.787331,56,
HWY280_SHP,33.48489,-86.787323,57,
HWY280_SHP,33.48452,-86.787178,58,
HWY280_SHP,33.48428,-86.786987,59,
HWY280_SHP,33.483959,-86.786621,60,
HWY280_SHP,33.48378,-86.786263,61,
HWY280_SHP,33.483681,-86.785721,62,
HWY280_SHP,33.483879,-86.783379,63,
HWY280_SHP,33.483688,-86.780708,64,
HWY280_SHP,33.483582,-86.780289,65,
HWY280_SHP,33.48328,-86.779602,66,
HWY280_SHP,33.482922,-86.778999,67,
HWY280_SHP,33.481419,-86.776787,68,
HWY280_SHP,33.48011,-86.774986,69,
HWY280_SHP,33.47913,-86.774002,70,
HWY280_SHP,33.477169,-86.772499,71,
HWY280_SHP,33.476471,-86.77179,72,
HWY280_SHP,33.475811,-86.77095,73,
HWY280_SHP,33.475319,-86.770103,74,
HWY280_SHP,33.47374,-86.766907,75,
HWY280_SHP,33.471001,-86.761597,76,
HWY280_SHP,33.470119,-86.760201,77,
HWY280_SHP,33.468971,-86.758583,78,
HWY280_SHP,33.468578,-86.758179,79,
HWY280_SHP,33.468189,-86.757889,80,
HWY280_SHP,33.467709,-86.757622,81,
HWY280_SHP,33.467178,-86.757439,82,
HWY280_SHP,33.466591,-86.757317,83,
HWY280_SHP,33.463619,-86.757202,84,
HWY280_SHP,33.462978,-86.757133,85,
HWY280_SHP,33.462399,-86.75695,86,
HWY280_SHP,33.461811,-86.756592,87,
HWY280_SHP,33.461311,-86.756157,88,
HWY280_SHP,33.461029,-86.755814,89,
HWY280_SHP,33.45612,-86.747726,90,
HWY280_SHP,33.455448,-86.746834,91,
HWY280_SHP,33.453621,-86.74472,92,
HWY280_SHP,33.451359,-86.742401,93,
HWY280_SHP,33.450451,-86.741364,94,
HWY280_SHP,33.446621,-86.737221,95,
HWY280_SHP,33.445591,-86.735893,96,
HWY280_SHP,33.444969,-86.735001,97,
HWY280_SHP,33.444969,-86.735001,98,
HWY280_SHP,33.445549,-86.734459,99,
HWY280_SHP,33.445728,-86.734161,100,
HWY280_SHP,33.445992,-86.73259,101,
HWY280_SHP,33.446171,-86.732132,102,
HWY280_SHP,33.446381,-86.73185,103,
HWY280_SHP,33.447369,-86.731148,104,
HWY280_SHP,33.448132,-86.730324,105,
HWY280_SHP,33.448479,-86.730042,106,
HWY280_SHP,33.448761,-86.729889,107,
HWY280_SHP,33.449059,-86.729797,108,
HWY280_SHP,33.449692,-86.729752,109,
HWY280_SHP,33.449692,-86.729752,110,
HWY280_SHP,33.449669,-86.729469,111,
HWY280_SHP,33.44957,-86.729088,112,
HWY280_SHP,33.44957,-86.729088,113,
HWY280_SHP,33.45005,-86.72908,114,
HWY280_SHP,33.45013,-86.729134,115,
HWY280_SHP,33.450359,-86.729477,116,
HWY280_SHP,33.45084,-86.729591,117,
HWY280_SHP,33.451141,-86.729721,118,
HWY280_SHP,33.45163,-86.730179,119,
HWY280_SHP,33.452,-86.730217,120,
HWY280_SHP,33.452,-86.730217,121,
HWY280_SHP,33.451962,-86.730431,122,
HWY280_SHP,33.451679,-86.730812,123,
HWY280_SHP,33.451679,-86.730812,124,
HWY280_SHP,33.451111,-86.730133,125,
HWY280_SHP,33.450932,-86.729988,126,
HWY280_SHP,33.450729,-86.729912,127,
HWY280_SHP,33.4505,-86.729881,128,
HWY280_SHP,33.44923,-86.72995,129,
HWY280_SHP,33.448921,-86.730019,130,
HWY280_SHP,33.44862,-86.730164,131,
HWY280_SHP,33.448189,-86.730522,132,
HWY280_SHP,33.447529,-86.731209,133,
HWY280_SHP,33.446548,-86.731949,134,
HWY280_SHP,33.446411,-86.732101,135,
HWY280_SHP,33.44627,-86.732307,136,
HWY280_SHP,33.446152,-86.732628,137,
HWY280_SHP,33.445869,-86.734177,138,
HWY280_SHP,33.44577,-86.734428,139,
HWY280_SHP,33.445339,-86.734879,140,
HWY280_SHP,33.445042,-86.7351,141,
HWY280_SHP,33.445042,-86.7351,142,
HWY280_SHP,33.444328,-86.73381,143,
HWY280_SHP,33.443169,-86.732162,144,
HWY280_SHP,33.44223,-86.730324,145,
HWY280_SHP,33.440899,-86.728043,146,
HWY280_SHP,33.439831,-86.72644,147,
HWY280_SHP,33.439018,-86.725037,148,
HWY280_SHP,33.438358,-86.723999,149,
HWY280_SHP,33.436562,-86.720871,150,
HWY280_SHP,33.43483,-86.718079,151,
HWY280_SHP,33.432011,-86.713226,152,
HWY280_SHP,33.429691,-86.709579,153,
HWY280_SHP,33.428421,-86.707741,154,
HWY280_SHP,33.424252,-86.70266,155,
HWY280_SHP,33.4235,-86.701576,156,
HWY280_SHP,33.422642,-86.700089,157,
HWY280_SHP,33.420261,-86.695053,158,
HWY280_SHP,33.418968,-86.692192,159,
HWY280_SHP,33.41835,-86.690598,160,
HWY280_SHP,33.418091,-86.68956,161,
HWY280_SHP,33.41798,-86.68866,162,
HWY280_SHP,33.417919,-86.68734,163,
HWY280_SHP,33.41795,-86.686577,164,
HWY280_SHP,33.418758,-86.678596,165,
HWY280_SHP,33.418758,-86.678596,166,
HWY280_SHP,33.422668,-86.678719,167,
HWY280_SHP,33.426281,-86.678902,168,
HWY280_SHP,33.427429,-86.678772,169,
HWY280_SHP,33.427429,-86.678772,170,
HWY280_SHP,33.426281,-86.678902,171,
HWY280_SHP,33.422668,-86.678719,172,
HWY280_SHP,33.418919,-86.678612,173,
HWY280_SHP,33.418919,-86.678612,174,
HWY280_SHP,33.41814,-86.686668,175,
HWY280_SHP,33.418098,-86.687332,176,
HWY280_SHP,33.418171,-86.688782,177,
HWY280_SHP,33.41848,-86.690399,178,
HWY280_SHP,33.418701,-86.691063,179,
HWY280_SHP,33.421638,-86.697563,180,
HWY280_SHP,33.422981,-86.700317,181,
HWY280_SHP,33.423851,-86.701767,182,
HWY280_SHP,33.424389,-86.70253,183,
HWY280_SHP,33.424809,-86.702988,184,
HWY280_SHP,33.425919,-86.704399,185,
HWY280_SHP,33.427101,-86.705742,186,
HWY280_SHP,33.429111,-86.70842,187,
HWY280_SHP,33.430439,-86.710381,188,
HWY280_SHP,33.432201,-86.713219,189,
HWY280_SHP,33.438469,-86.723763,190,
HWY280_SHP,33.439331,-86.725273,191,
HWY280_SHP,33.441051,-86.727982,192,
HWY280_SHP,33.442589,-86.730637,193,
HWY280_SHP,33.443291,-86.731949,194,
HWY280_SHP,33.44434,-86.733459,195,
HWY280_SHP,33.44492,-86.734497,196,
HWY280_SHP,33.44492,-86.734497,197,
HWY280_SHP,33.445122,-86.734619,198,
HWY280_SHP,33.44529,-86.734619,199,
HWY280_SHP,33.44545,-86.734558,200,
HWY280_SHP,33.445679,-86.734261,201,
HWY280_SHP,33.445759,-86.734039,202,
HWY280_SHP,33.445992,-86.73259,203,
HWY280_SHP,33.446171,-86.732132,204,
HWY280_SHP,33.446381,-86.73185,205,
HWY280_SHP,33.447369,-86.731148,206,
HWY280_SHP,33.448132,-86.730324,207,
HWY280_SHP,33.448479,-86.730042,208,
HWY280_SHP,33.448761,-86.729889,209,
HWY280_SHP,33.449059,-86.729797,210,
HWY280_SHP,33.449692,-86.729752,211,
HWY280_SHP,33.449692,-86.729752,212,
HWY280_SHP,33.449669,-86.729469,213,
HWY280_SHP,33.44957,-86.729088,214,
HWY280_SHP,33.44957,-86.729088,215,
HWY280_SHP,33.45005,-86.72908,216,
HWY280_SHP,33.45013,-86.729134,217,
HWY280_SHP,33.450359,-86.729477,218,
HWY280_SHP,33.45084,-86.729591,219,
HWY280_SHP,33.451141,-86.729721,220,
HWY280_SHP,33.45163,-86.730179,221,
HWY280_SHP,33.452,-86.730217,222,
HWY280_SHP,33.452,-86.730217,223,
HWY280_SHP,33.451962,-86.730431,224,
HWY280_SHP,33.451679,-86.730812,225,
HWY280_SHP,33.451679,-86.730812,226,
HWY280_SHP,33.451111,-86.730133,227,
HWY280_SHP,33.450932,-86.729988,228,
HWY280_SHP,33.450729,-86.729912,229,
HWY280_SHP,33.4505,-86.729881,230,
HWY280_SHP,33.44923,-86.72995,231,
HWY280_SHP,33.448921,-86.730019,232,
HWY280_SHP,33.44862,-86.730164,233,
HWY280_SHP,33.448189,-86.730522,234,
HWY280_SHP,33.447701,-86.731056,235,
HWY280_SHP,33.446548,-86.731949,236,
HWY280_SHP,33.446339,-86.732201,237,
HWY280_SHP,33.446152,-86.732628,238,
HWY280_SHP,33.445869,-86.734177,239,
HWY280_SHP,33.44577,-86.734428,240,
HWY280_SHP,33.445492,-86.734741,241,
HWY280_SHP,33.445492,-86.734741,242,
HWY280_SHP,33.445389,-86.734962,243,
HWY280_SHP,33.445358,-86.735237,244,
HWY280_SHP,33.44627,-86.736511,245,
HWY280_SHP,33.446781,-86.737122,246,
HWY280_SHP,33.45055,-86.741203,247,
HWY280_SHP,33.453732,-86.74456,248,
HWY280_SHP,33.45509,-86.746117,249,
HWY280_SHP,33.456131,-86.747498,250,
HWY280_SHP,33.457588,-86.749779,251,
HWY280_SHP,33.460579,-86.754791,252,
HWY280_SHP,33.461391,-86.755966,253,
HWY280_SHP,33.46188,-86.756393,254,
HWY280_SHP,33.462479,-86.756729,255,
HWY280_SHP,33.463081,-86.756958,256,
HWY280_SHP,33.464169,-86.75705,257,
HWY280_SHP,33.466759,-86.757118,258,
HWY280_SHP,33.467178,-86.757187,259,
HWY280_SHP,33.46788,-86.757492,260,
HWY280_SHP,33.468559,-86.757927,261,
HWY280_SHP,33.468979,-86.758331,262,
HWY280_SHP,33.46928,-86.758713,263,
HWY280_SHP,33.470879,-86.761047,264,
HWY280_SHP,33.47134,-86.761848,265,
HWY280_SHP,33.473671,-86.766457,266,
HWY280_SHP,33.47435,-86.767708,267,
HWY280_SHP,33.475491,-86.77005,268,
HWY280_SHP,33.476021,-86.770943,269,
HWY280_SHP,33.476822,-86.771896,270,
HWY280_SHP,33.479321,-86.773811,271,
HWY280_SHP,33.479858,-86.77433,272,
HWY280_SHP,33.480461,-86.775124,273,
HWY280_SHP,33.482319,-86.777908,274,
HWY280_SHP,33.483391,-86.779427,275,
HWY280_SHP,33.483749,-86.780197,276,
HWY280_SHP,33.483952,-86.78093,277,
HWY280_SHP,33.48415,-86.784416,278,
HWY280_SHP,33.48415,-86.784416,279,
HWY280_SHP,33.48431,-86.785118,280,
HWY280_SHP,33.484581,-86.785728,281,
HWY280_SHP,33.484928,-86.78614,282,
HWY280_SHP,33.485409,-86.786438,283,
HWY280_SHP,33.485729,-86.786537,284,
HWY280_SHP,33.486259,-86.786613,285,
HWY280_SHP,33.486778,-86.786636,286,
HWY280_SHP,33.487671,-86.786583,287,
HWY280_SHP,33.488731,-86.786591,288,
HWY280_SHP,33.490501,-86.786728,289,
HWY280_SHP,33.491692,-86.786713,290,
HWY280_SHP,33.493038,-86.786903,291,
HWY280_SHP,33.493641,-86.787018,292,
HWY280_SHP,33.493938,-86.787132,293,
HWY280_SHP,33.494461,-86.78743,294,
HWY280_SHP,33.495739,-86.788399,295,
HWY280_SHP,33.4967,-86.78891,296,
HWY280_SHP,33.497101,-86.789009,297,
HWY280_SHP,33.49754,-86.789047,298,
HWY280_SHP,33.498638,-86.789078,299,
HWY280_SHP,33.498638,-86.789078,300,
HWY280_SHP,33.500832,-86.789047,301,
HWY280_SHP,33.501068,-86.788971,302,
HWY280_SHP,33.50116,-86.788658,303,
HWY280_SHP,33.50116,-86.788658,304,
HWY280_SHP,33.50108,-86.78846,305,
HWY280_SHP,33.50108,-86.78846,306,
HWY280_SHP,33.501419,-86.788269,307,
HWY280_SHP,33.501629,-86.788223,308,
HWY280_SHP,33.501881,-86.788239,309,
HWY280_SHP,33.502048,-86.788712,310,
HWY280_SHP,33.502232,-86.788811,311,
HWY280_SHP,33.50259,-86.788628,312,
HWY280_SHP,33.502628,-86.788559,313,
HWY280_SHP,33.502899,-86.788391,314,
HWY280_SHP,33.502899,-86.788391,315,
HWY280_SHP,33.503078,-86.789047,316,
HWY280_SHP,33.503078,-86.7892,317,
HWY280_SHP,33.50304,-86.78936,318,
HWY280_SHP,33.50288,-86.789581,319,
HWY280_SHP,33.50288,-86.789581,320,
HWY280_SHP,33.502689,-86.789558,321,
HWY280_SHP,33.50111,-86.790253,322,
HWY280_SHP,33.500309,-86.790077,323,
HWY280_SHP,33.500309,-86.790077,324,
HWY280_SHP,33.499432,-86.786461,325,
HWY280_SHP,33.499321,-86.78582,326,
HWY280_SHP,33.499298,-86.784927,327,
HWY280_SHP,33.499451,-86.784142,328,
HWY280_SHP,33.499641,-86.783607,329,
HWY280_SHP,33.499649,-86.783386,330,
HWY280_SHP,33.499649,-86.783386,331,
HWY280_SHP,33.499069,-86.783028,332,
HWY280_SHP,33.498619,-86.782433,333,
HWY280_SHP,33.498619,-86.782433,334,
HWY280_SHP,33.498508,-86.782463,335,
HWY280_SHP,33.498402,-86.782372,336,
HWY280_SHP,33.498371,-86.782249,337,
HWY280_SHP,33.498451,-86.782112,338,
HWY280_SHP,33.498562,-86.782097,339,
HWY280_SHP,33.49865,-86.782188,340,
HWY280_SHP,33.49868,-86.782341,341,
HWY280_SHP,33.498619,-86.782433,342,
HWY280_SHP,33.498959,-86.782921,343,
HWY280_SHP,33.499649,-86.783386,344,
HWY280_SHP,33.499649,-86.783386,345,
HWY280_SHP,33.499641,-86.783607,346,
HWY280_SHP,33.499451,-86.784142,347,
HWY280_SHP,33.499298,-86.784927,348,
HWY280_SHP,33.499321,-86.78582,349,
HWY280_SHP,33.499432,-86.786461,350,
HWY280_SHP,33.500309,-86.790077,351,
HWY280_SHP,33.500309,-86.790077,352,
HWY280_SHP,33.500259,-86.790741,353,
HWY280_SHP,33.499569,-86.795807,354,
HWY280_SHP,33.499569,-86.795807,355,
HWY280_SHP,33.500591,-86.796272,356,
HWY280_SHP,33.505772,-86.799789,357,
HWY280_SHP,33.505878,-86.799797,358,
HWY280_SHP,33.50761,-86.800911,359,
HWY280_SHP,33.50864,-86.801682,360,
HWY280_SHP,33.510929,-86.803177,361,
HWY280_SHP,33.511501,-86.803612,362,
HWY280_SHP,33.511551,-86.803711,363,
HWY280_SHP,33.513458,-86.804993,364,
HWY280_SHP,33.514359,-86.805557,365,
HWY280_SHP,33.514488,-86.805557,366,
HWY280_SHP,33.514488,-86.805557,367,
HWY280_SHP,33.512451,-86.809914,368,
HWY280_SHP,33.512451,-86.809914,369,
HWY280_SHP,33.511768,-86.809441,370,
HWY280_SHP,33.511768,-86.809441,371,
HWY280_SHP,33.511951,-86.809067,372,
